      (?![E])[A-Z](?![abefhilnostw])[a-z][!]   [(]   [)]   [*]   [+]   [,]   [-]   [.]   [/]   [0-9] [;]   [<]   [=]   
0     0     0     0     0     0     0     0     0     0     0     0     0     0     0     0     
1     50    52    60    39    41    46    40    42    49    0     47    51    43    65    62    
10    37    14    0     0     0     0     0     0     0     0     0     38    0     0     0     
11    37    15    0     0     0     0     0     0     0     0     0     38    0     0     0     
12    37    15    0     0     0     0     0     0     0     0     0     38    0     0     0     
13    37    15    0     0     0     0     0     0     0     0     0     38    0     0     0     
14    37    15    0     0     0     0     0     0     0     0     0     38    0     0     0     
15    37    16    0     0     0     0     0     0     0     0     0     38    0     0     0     
16    37    3     0     0     0     0     0     0     0     0     0     38    0     0     0     
17    37    19    0     0     0     0     0     0     0     0     0     38    0     0     0     
18    37    20    0     0     0     0     0     0     0     0     0     38    0     0     0     
19    37    21    0     0     0     0     0     0     0     0     0     38    0     0     0     
2     37    3     0     0     0     0     0     0     0     0     0     38    0     0     0     
20    37    22    0     0     0     0     0     0     0     0     0     38    0     0     0     
21    37    3     0     0     0     0     0     0     0     0     0     38    0     0     0     
22    37    26    0     0     0     0     0     0     0     0     0     38    0     0     0     
23    37    24    0     0     0     0     0     0     0     0     0     38    0     0     0     
24    37    25    0     0     0     0     0     0     0     0     0     38    0     0     0     
25    37    26    0     0     0     0     0     0     0     0     0     38    0     0     0     
26    37    3     0     0     0     0     0     0     0     0     0     38    0     0     0     
27    37    3     0     0     0     0     0     0     0     0     0     38    0     0     0     
28    37    30    0     0     0     0     0     0     0     0     0     38    0     0     0     
29    37    30    0     0     0     0     0     0     0     0     0     38    0     0     0     
3     37    3     0     0     0     0     0     0     0     0     0     38    0     0     0     
30    37    3     0     0     0     0     0     0     0     0     0     38    0     0     0     
31    37    32    0     0     0     0     0     0     0     0     0     38    0     0     0     
32    37    33    0     0     0     0     0     0     0     0     0     38    0     0     0     
33    37    34    0     0     0     0     0     0     0     0     0     38    0     0     0     
34    37    3     0     0     0     0     0     0     0     0     0     38    0     0     0     
35    37    4     0     0     0     0     0     0     0     0     0     38    0     0     0     
36    37    5     0     0     0     0     0     0     0     0     0     38    0     0     0     
37    37    3     0     0     0     0     0     0     0     0     0     38    0     0     0     
38    37    3     0     0     0     0     0     0     0     0     0     38    0     0     0     
39    0     0     0     0     0     0     0     0     0     0     0     0     0     0     0     
4     37    7     0     0     0     0     0     0     0     0     0     38    0     0     0     
40    0     0     0     0     0     0     0     0     0     0     0     0     0     0     0     
41    0     0     0     0     0     0     0     0     0     0     0     0     0     0     0     
42    0     0     0     0     0     0     0     0     0     0     0     0     0     0     0     
43    0     0     0     0     0     0     0     0     0     0     0     0     0     0     0     
44    0     0     0     0     0     0     0     0     0     0     0     0     0     0     0     
45    0     0     0     0     0     0     0     0     0     0     0     0     0     0     0     
46    0     0     0     0     0     0     0     0     0     0     0     0     0     0     0     
47    0     0     0     0     0     0     0     0     0     0     0     0     0     0     0     
48    0     0     0     0     0     0     0     0     0     53    0     48    0     0     0     
49    0     0     0     0     0     0     0     0     0     0     0     0     0     0     0     
5     37    8     0     0     0     0     0     0     0     0     0     38    0     0     0     
50    37    3     0     0     0     0     0     0     0     0     0     38    0     0     61    
51    0     0     0     0     0     0     0     0     0     53    0     48    0     0     0     
52    37    36    0     0     0     0     0     0     0     0     0     38    0     0     61    
53    0     0     0     0     0     0     0     0     0     0     0     55    0     0     0     
54    56    0     0     0     0     0     0     0     0     0     0     54    0     0     0     
55    56    0     0     0     0     0     0     0     0     0     0     54    0     0     0     
56    0     0     0     0     0     0     0     0     0     0     0     58    0     0     0     
57    0     0     0     0     0     0     0     0     0     0     0     57    0     0     0     
58    0     0     0     0     0     0     0     0     0     0     0     57    0     0     0     
59    0     0     0     0     0     0     0     0     0     0     0     0     0     0     0     
6     37    9     0     0     0     0     0     0     0     0     0     38    0     0     0     
60    0     0     0     0     0     0     0     0     0     0     0     0     0     0     61    
61    0     0     0     0     0     0     0     0     0     0     0     0     0     0     0     
62    0     0     0     0     0     0     0     0     0     0     0     0     0     0     59    
63    0     0     0     0     0     0     0     0     0     0     0     0     0     0     64    
64    0     0     0     0     0     0     0     0     0     0     0     0     0     0     0     
65    0     0     0     0     0     0     0     0     0     0     0     0     0     0     72    
66    37    3     0     0     0     0     0     0     0     0     0     38    0     0     0     
67    37    17    0     0     0     0     0     0     0     0     0     38    0     0     0     
68    37    23    0     0     0     0     0     0     0     0     0     38    0     0     0     
69    37    28    0     0     0     0     0     0     0     0     0     38    0     0     0     
7     37    11    0     0     0     0     0     0     0     0     0     38    0     0     0     
70    37    31    0     0     0     0     0     0     0     0     0     38    0     0     0     
71    37    35    0     0     0     0     0     0     0     0     0     38    0     0     0     
72    0     0     0     0     0     0     0     0     0     0     0     0     0     0     0     
8     37    13    0     0     0     0     0     0     0     0     0     38    0     0     0     
9     37    12    0     0     0     0     0     0     0     0     0     38    0     0     0     

      [>]   [E]   [a]   [b]   [e]   [f]   [h]   [i]   [l]   [n]   [o]   [s]   [t]   [w]   [{]   [}]   
0     0     0     0     0     0     0     0     0     0     0     0     0     0     0     0     0     
1     63    2     66    71    67    68    66    69    66    66    66    66    66    70    44    45    
10    0     37    3     3     14    3     3     3     3     3     3     3     3     3     0     0     
11    0     37    15    3     3     3     3     3     3     3     3     3     3     3     0     0     
12    0     37    15    3     3     3     3     3     3     3     3     3     3     3     0     0     
13    0     37    15    3     3     3     3     3     3     3     3     3     3     3     0     0     
14    0     37    15    3     3     3     3     3     3     3     3     3     3     3     0     0     
15    0     37    3     3     3     3     3     3     3     16    3     3     3     3     0     0     
16    0     37    3     3     3     3     3     3     3     3     3     3     3     3     0     0     
17    0     37    3     3     3     3     3     3     3     3     3     19    3     3     0     0     
18    0     37    3     3     3     3     3     3     3     3     24    19    3     3     0     0     
19    0     37    3     3     21    3     3     3     3     3     3     3     3     3     0     0     
2     0     37    3     3     3     3     3     3     3     3     3     3     3     3     0     0     
20    0     37    25    3     21    3     3     3     3     3     3     3     3     3     0     0     
21    0     37    3     3     3     3     3     3     3     3     3     3     3     3     0     0     
22    0     37    3     3     3     3     3     3     3     3     3     3     26    3     0     0     
23    0     37    3     3     3     3     3     3     3     3     24    3     3     3     0     0     
24    0     37    25    3     3     3     3     3     3     3     3     3     3     3     0     0     
25    0     37    3     3     3     3     3     3     3     3     3     3     26    3     0     0     
26    0     37    3     3     3     3     3     3     3     3     3     3     3     3     0     0     
27    0     37    3     3     3     3     3     3     3     3     3     3     3     3     0     0     
28    0     37    3     3     3     3     3     3     3     3     3     3     30    3     0     0     
29    0     37    3     3     3     3     3     3     3     3     3     3     30    3     0     0     
3     0     37    3     3     3     3     3     3     3     3     3     3     3     3     0     0     
30    0     37    3     3     3     3     3     3     3     3     3     3     3     3     0     0     
31    0     37    3     3     3     3     3     32    3     3     3     3     3     3     0     0     
32    0     37    3     3     3     3     3     3     33    3     3     3     3     3     0     0     
33    0     37    3     3     34    3     3     3     3     3     3     3     3     3     0     0     
34    0     37    3     3     3     3     3     3     3     3     3     3     3     3     0     0     
35    0     37    3     3     3     3     3     3     3     3     4     3     3     3     0     0     
36    0     37    3     3     3     3     3     32    3     3     6     19    30    3     0     0     
37    0     37    3     3     3     3     3     3     3     3     3     3     3     3     0     0     
38    0     37    3     3     3     3     3     3     3     3     3     3     3     3     0     0     
39    0     0     0     0     0     0     0     0     0     0     0     0     0     0     0     0     
4     0     37    3     3     3     3     3     3     7     3     3     3     3     3     0     0     
40    0     0     0     0     0     0     0     0     0     0     0     0     0     0     0     0     
41    0     0     0     0     0     0     0     0     0     0     0     0     0     0     0     0     
42    0     0     0     0     0     0     0     0     0     0     0     0     0     0     0     0     
43    0     0     0     0     0     0     0     0     0     0     0     0     0     0     0     0     
44    0     0     0     0     0     0     0     0     0     0     0     0     0     0     0     0     
45    0     0     0     0     0     0     0     0     0     0     0     0     0     0     0     0     
46    0     0     0     0     0     0     0     0     0     0     0     0     0     0     0     0     
47    0     0     0     0     0     0     0     0     0     0     0     0     0     0     0     0     
48    0     0     0     0     0     0     0     0     0     0     0     0     0     0     0     0     
49    0     0     0     0     0     0     0     0     0     0     0     0     0     0     0     0     
5     0     37    25    3     21    3     3     3     10    3     3     3     3     3     0     0     
50    0     37    3     3     3     3     3     3     3     3     3     3     3     3     0     0     
51    0     0     0     0     0     0     0     0     0     0     0     0     0     0     0     0     
52    0     37    3     3     3     27    31    3     18    29    35    3     3     3     0     0     
53    0     0     0     0     0     0     0     0     0     0     0     0     0     0     0     0     
54    0     56    0     0     0     0     0     0     0     0     0     0     0     0     0     0     
55    0     56    0     0     0     0     0     0     0     0     0     0     0     0     0     0     
56    0     0     0     0     0     0     0     0     0     0     0     0     0     0     0     0     
57    0     0     0     0     0     0     0     0     0     0     0     0     0     0     0     0     
58    0     0     0     0     0     0     0     0     0     0     0     0     0     0     0     0     
59    0     0     0     0     0     0     0     0     0     0     0     0     0     0     0     0     
6     0     37    25    3     3     3     3     3     7     3     3     3     3     3     0     0     
60    0     0     0     0     0     0     0     0     0     0     0     0     0     0     0     0     
61    0     0     0     0     0     0     0     0     0     0     0     0     0     0     0     0     
62    0     0     0     0     0     0     0     0     0     0     0     0     0     0     0     0     
63    0     0     0     0     0     0     0     0     0     0     0     0     0     0     0     0     
64    0     0     0     0     0     0     0     0     0     0     0     0     0     0     0     0     
65    0     0     0     0     0     0     0     0     0     0     0     0     0     0     0     0     
66    0     37    3     3     3     3     3     3     3     3     3     3     3     3     0     0     
67    0     37    3     3     3     3     3     3     17    3     3     3     3     3     0     0     
68    0     37    3     3     3     3     3     3     23    3     3     3     3     3     0     0     
69    0     37    3     3     3     27    3     3     3     29    3     3     3     3     0     0     
7     0     37    3     3     11    3     3     3     3     3     3     3     3     3     0     0     
70    0     37    3     3     3     3     31    3     3     3     3     3     3     3     0     0     
71    0     37    3     3     3     3     3     3     3     3     35    3     3     3     0     0     
72    0     0     0     0     0     0     0     0     0     0     0     0     0     0     0     0     
8     0     37    3     3     14    3     3     3     3     3     3     3     26    3     0     0     
9     0     37    3     3     11    3     3     3     3     3     3     3     26    3     0     0     

